  province;red;green;blue;x;x
  #Far Sea
3058;30;179;182;3058;x
3059;58;92;184;3059;x
3060;39;141;218;3060;x
3061;40;128;235;3061;x
3062;28;148;207;3062;x
3063;21;85;131;3063;x
3064;78;157;142;3064;x
3065;22;169;207;3065;x
3066;57;169;183;3066;x
3067;33;109;232;3067;x
3068;86;87;159;3068;x
3069;25;193;121;3069;x
3070;86;117;188;3070;x
3071;68;148;189;3071;x
3072;65;100;229;3072;x
3073;54;119;185;3073;x
3074;23;150;221;3074;x
3075:89;152;176;3075;x
3076;133;138;112;3076;x
3077;82;155;111;3077;x
3078;75;191;229;3078;x
3079;133;88;223;3079;x
3080;83;83;156;3080;x
3081;64;147;126;3081;x
3082;53;118;161;3082;x
3083;73;141;135;3083;x
3084;28;183;185;3084;x
3085;124;92;184;3085;x
3086;132;154;126;3086;x
3087;116;78;110;3087;x
3088;99;151;221;3088;x
3089;37;182;221;3089;x
3090;57;141;202;3090;x
3091;102;75;159;3091;x
3092;106;105;113;3092;x
3093;137;184;171;3093;x
3094;30;132;196;3094;x
3095;102;144;185;3095;x
3096;139;70;207;3096;x
3097;132;107;160;3097;x
3098;118;171;157;3098;x
3099;134;181;136;3099;x
3100;45;149;135;3100;x
