yokuda_node={
	location=1706
	outgoing={
		name="daggerfall_node"
		path={
			3272 
		}
		control={
			1282.000000 1181.000000 1404.000000 1218.000000 
		}
	}
	outgoing={
		name="hews_bane_node"
		path={
			3272 
		}
		control={
			1250.000000 1143.000000 1317.890015 1089.140015 1560.000000 1103.000000 1662.000000 1113.000000 1825.000000 1049.000000 1855.000000 1083.000000 
		}
	}
	outgoing={
		name="northpoint_node"
		path={
			3272 
		}
		control={
			1257.000000 1188.000000 1280.000000 1308.000000 1412.000000 1362.000000 1612.000000 1367.000000 1704.000000 1470.000000 1786.000000 1507.000000 
		}
	}
	members={
		1675 1676 1677 1678 1679 1680 1681 1682 1683 1684 1685 1686 1689 1690 1691 1692 1693 1694 1695 1696 1697 1698 1699 1700 1701 1702 1703 1704 1705 1706 1707 1708 1709 1710 1711 1712 1713 1714 1715 1716 1717 1718 1719 1720 1721 1722 2222 2223 2224 2225 2226 
	}
	ai_will_propagate_through_trade=yes
}
daggerfall_node={
	location=273
	outgoing={
		name="wayrest_node"
		path={
			3272 
		}
		control={
			1656.619995 1235.030029 1727.000000 1309.000000 
		}
	}
	outgoing={
		name="northpoint_node"
		path={
			3272 
		}
		control={
			1586.000000 1310.000000 1719.000000 1481.000000 
		}
	}
	outgoing={
		name="alinor_node"
		path={
			3272 
		}
		control={
			2317.000000 1116.000000 
		}
	}	
	members={
		222 223 240 245 246 247 248 249 250 251 252 253 254 255 256 257 258 259 260 261 262 263 264 265 266 267 268 269 270 271 272 273 274 275 277 520 521 522 523 524 525 1668 1669 1670 1671 4281 
	}
	ai_will_propagate_through_trade=yes
}
northpoint_node={
	location=204
	outgoing={
		name="wayrest_node"
		path={
			3272 
		}
		control={
			1794.000000 1406.000000 1832.000000 1363.000000 1787.000000 1333.000000 
		}
	}
	outgoing={
		name="sea_of_ghosts_node"
		path={
			3272 
		}
		control={
			1878.000000 1542.000000 2038.000000 1570.000000 
		}
	}
	members={
		149 156 157 166 167 176 177 178 185 186 187 194 195 196 197 198 199 200 201 202 203 204 217 218 219 220 221 224 225 226 227 228 229 230 231 232 233 234 235 236 237 238 239 241 242 243 244 2239 4272 
	}
	ai_will_propagate_through_trade=yes
}
wayrest_node={
	location=212
	outgoing={
		name="reach_node"
		path={
			3272 
		}
		control={
			1830.000000 1337.000000 1879.000000 1368.000000 1957.000000 1362.000000 
		}
	}
	members={
		170 171 179 181 182 183 184 188 189 190 191 192 193 205 206 207 207 208 209 210 211 212 213 214 215 216 495 496 497 502 503 504 505 506 507 508 509 510 511 512 513 514 515 516 517 518 519 564 565 629 630 1992 
	}
	ai_will_propagate_through_trade=yes
}
hews_bane_node={
	location=547
	
	outgoing={
		name="daggerfall_node"
		path={
			3272 
		}
		control={
			1863.000000 1073.000000 1793.000000 1034.000000 1727.000000 1097.000000 1666.000000 1113.000000 1568.000000 1196.000000 
		}
	}
	outgoing={
		name="gold_coast_node"
		path={
			3272 
		}
		control={
			1854.000000 1087.000000 1893.000000 1066.000000 1907.000000 1017.000000 
		}
	}
	outgoing={
		name="auridon_node"
		path={
			3272 
		}
		control={
			2317.000000 1116.000000 
		}
	}	
	outgoing={
		name="alinor_node"
		path={
			3272 
		}
		control={
			2317.000000 1116.000000 
		}
	}
	members={
		526 526 527 528 529 530 531 532 533 534 535 536 537 538 539 540 541 542 543 544 545 546 547 548 549 550 551 552 553 554 555 556 557 558 559 560 568 571 1658 1659 1660 1666 1672 1673 1674 
	}
	ai_will_propagate_through_trade=yes
}
sunforge_node={
	location=606
	outgoing={
		name="hews_bane_node"
		path={
			3272 
		}
		control={
			1801.000000 1198.000000 1770.000000 1147.000000 
		}
	}
	outgoing={
		name="gold_coast_node"
		path={
			3272 
		}
		control={
			1921.000000 1110.000000 1953.000000 1051.000000 
		}
	}
	members={
		585 618 619 570 620 621 622 623 624 625 626 627 628 631 655 566 567 569 572 573 574 575 576 577 578 579 580 581 582 583 584 603 602 601 600 604 605 606 607 608 609 610 611 612 613 592 591 593 594 595 599 598 596 597 
	}
	ai_will_propagate_through_trade=yes
}
craglorn_node={
	location=641
	outgoing={
		name="orange_road_node"
		path={
			3272 
		}
		control={
			2118.000000 1236.000000 
		}
	}
	outgoing={
		name="reach_node"
		path={
			3272 
		}
		control={
			1951.000000 1332.000000 1963.000000 1381.000000 
		}
	}
	outgoing={
		name="wayrest_node"
		path={
			3272 
		}
		control={
			1870.000000 1324.000000 1830.000000 1337.000000 
		}
	}
	outgoing={
		name="sunforge_node"
		path={
			3272 
		}
		control={
			1992.000000 1227.000000 
		}
	}
	members={
		647 667 668 586 588 587 642 487 486 490 491 499 498 501 656 654 632 615 616 614 634 635 636 590 589 641 643 488 489 651 652 500 659 657 653 633 617 649 648 637 638 639 640 644 645 646 650 653 658 
	}
	ai_will_propagate_through_trade=yes
}
reach_node={
	location=118
	outgoing={
		name="sea_of_ghosts_node"
		path={
			3272 
		}
		control={
			2012.000000 1445.000000 2026.000000 1485.000000 
		}
	}
	outgoing={
		name="whiterun_node"
		path={
			3272 
		}
		control={
			2064.000000 1417.000000 
		}
	}
	members={
		110 111 112 113 114 115 116 118 119 120 121 122 126 127 128 129 130 148 151 152 153 154 158 159 160 161 162 163 164 165 168 169 172 173 174 175 180 392 484 485 492 493 494 
	}
	ai_will_propagate_through_trade=yes
}
sea_of_ghosts_node={
	location=3554
	outgoing={
		name="whiterun_node"
		path={
			3272 
		}
		control={
			2028.000000 1467.000000 2117.000000 1404.000000 
		}
	}
	members={
		14 15 16 17 22 23 31 32 39 40 41 42 43 44 45 45 46 46 47 71 72 73 74 99 101 102 103 104 105 106 108 109 145 146 147 150 155 991 992 993 3554 
	}
	ai_will_propagate_through_trade=yes
}
whiterun_node={
	location=86
	outgoing={
		name="rift_node"
		path={
			3272 
		}
		control={
			2186.000000 1375.000000 2231.000000 1357.000000 2265.000000 1318.000000 2308.000000 1301.000000 
		}
	}
	outgoing={
		name="orange_road_node"
		path={
			3272 
		}
		control={
			2173.000000 1357.000000 2167.000000 1308.000000 2189.000000 1276.000000 
		}
	}
	members={
		24 25 26 35 36 37 38 48 83 84 85 86 87 88 89 90 91 92 93 94 95 96 97 98 100 107 117 123 124 125 131 132 133 134 135 136 137 138 139 140 141 142 143 144 
	}
	ai_will_propagate_through_trade=yes
}
rift_node={
	location=60
	outgoing={
		name="balmora_node"
		path={
			3272 
		}
		control={
			2384.000000 1302.000000 
		}
	}
	members={
		18 19 20 21 27 28 29 30 33 34 49 50 51 52 53 54 55 56 57 58 59 60 61 62 63 64 65 66 67 68 69 70 75 76 77 78 79 80 81 82 
	}
	ai_will_propagate_through_trade=yes
}
atmora_node={
	location=13
	outgoing={
		name="sea_of_ghosts_node"
		path={
			3272 
		}
		control={
			2333.000000 1478.000000 2285.000000 1545.000000 
		}
	}
	outgoing={
		name="balmora_node"
		path={
			3272 
		}
		control={
			2347.000000 1466.000000 2373.000000 1446.000000 2362.000000 1408.000000 2389.000000 1377.000000 2404.000000 1310.000000 2418.000000 1272.000000 2435.000000 1288.000000 
		}
	}
	outgoing={
		name="telvanni_node"
		path={
			3272 
		}
		control={
			2344.000000 1459.000000 2418.000000 1474.000000 2476.000000 1516.000000 2613.000000 1483.000000 2615.850098 1434.000000 2668.000000 1406.000000 
		}
	}
	members={
		1 2 3 4 5 6 7 8 9 10 11 12 13 
	}
	ai_will_propagate_through_trade=yes
}
palatin_node={
	location=1480
	outgoing={
		name="southpoint_node"
		path={
			3272 
		}
		control={
			2146.000000 808.000000 
		}
	}
	outgoing={
		name="topal_bay_node"
		path={
			3272 
		}
		control={
			2259.000000 831.000000 
		}
	}
	members={
		1515 1516 1517 1518 1500 1501 1502 1503 1504 1505 1499 1498 1497 1496 1494 1495 1493 1492 1491 1490 1489 1488 1487 1486 1485 1484 1483 1482 1481 1480 1479 1478 1477 1476 1475 1474 1473 1461 1462 1465 1464 1463 
	}
	ai_will_propagate_through_trade=yes
}
balmora_node={
	location=459
	outgoing={
		name="ebonheart_node"
		path={
			3272 
		}
		control={
			2428.000000 1261.000000 2494.000000 1216.000000 
		}
	}
	outgoing={
		name="valus_pass_node"
		path={
			3272 
		}
		control={
			2449.000000 1266.000000 2440.000000 1227.000000 
		}
	}
	members={
		276 278 279 280 281 282 283 284 285 286 287 288 289 290 291 292 293 294 459 460 461 462 463 464 465 466 467 468 469 470 471 472 473 474 475 476 477 478 479 480 481 482 483 
	}
	ai_will_propagate_through_trade=yes
}
telvanni_node={
	location=403
	outgoing={
		name="ebonheart_node"
		path={
			3272 
		}
		control={
			2689.000000 1429.000000 2666.000000 1403.000000 2681.000000 1281.000000 2647.000000 1272.000000 2580.000000 1194.000000 
		}
	}
	members={
		368 369 370 371 373 374 376 377 378 379 380 381 382 383 384 385 386 387 388 389 390 391 392 393 394 395 396 397 398 399 400 401 402 403 404 405 406 407 408 409 410 411 412 413 414 415 416 417 418 418 419 420 421 422 423 424 425 426 427 428 428 429 430 431 435 436 
	}
	ai_will_propagate_through_trade=yes
}
ebonheart_node={
	location=314
	members={
		295 304 305 312 313 314 315 316 317 349 357 358 359 360 362 363 364 365 366 372 375 432 433 434 437 438 439 440 441 442 443 444 445 446 447 448 449 450 451 452 453 454 454 455 456 457 458 
	}
	end=yes
	ai_will_propagate_through_trade=yes
}
deshaan_node={
	location=347
	outgoing={
		name="ebonheart_node"
		path={
			3272 
		}
		control={
			2521.000000 1148.000000 
		}
	}
	outgoing={
		name="valus_pass_node"
		path={
			3272 
		}
		control={
			2475.000000 1097.000000 
		}
	}
	members={
		318 319 320 321 322 323 324 325 326 327 328 329 330 331 332 333 334 335 336 337 338 339 340 341 342 343 344 345 346 347 348 350 351 352 353 354 355 356 361 367 
	}
	ai_will_propagate_through_trade=yes
}
argonia_node={
	location=1366
	outgoing={
		name="deshaan_node"
		path={
			3272 
		}
		control={
			2509.000000 1025.000000 2562.000000 1108.000000 
		}
	}
	outgoing={
		name="lilmoth_node"
		path={
			3272 
		}
		control={
			2499.000000 854.000000 2519.000000 808.000000 2528.000000 767.000000 
		}
	}
	members={
		1343 1724 1400 1401 1402 1403 1395 1342 1341 1340 1339 1338 1337 1336 1335 1334 1333 1332 1331 1330 1329 1328 1327 1317 1316 1315 1314 1313 1397 1394 1393 1390 1391 1392 1394 1376 1375 1374 1373 1372 1371 1370 1369 1368 1367 1366 1365 1364 1363 1362 1361 1360 1359 1358 1357 1355 1356 1354 1353 1352 1351 1350 1349 1348 1347 1346 1345 1344 
	}
	ai_will_propagate_through_trade=yes
}
lilmoth_node={
	location=1250
	outgoing={
		name="topal_bay_node"
		path={
			3272 
		}
		control={
			2526.000000 737.000000 2515.000000 739.000000 2485.000000 699.000000 2385.000000 697.000000 
		}
	}
	outgoing={
		name="southpoint_node"
		path={
			3272 
		}
		control={
			2520.000000 736.000000 2510.000000 731.000000 2442.000000 690.000000 2187.000000 686.000000 2100.000000 695.000000 
		}
	}
	members={
		1295 1254 1252 1253 1255 1723 1311 1312 1310 1309 1308 1307 1306 1305 1304 1320 1321 1319 1318 1323 1326 1322 1325 1324 1404 1405 1406 1407 1408 1409 1410 1413 1411 1412 1414 1415 1416 1422 1421 1417 1418 1419 1420 1262 1260 1261 1258 1259 1303 1302 1301 1300 1688 1299 1297 1298 1296 1294 1293 1290 1291 1292 1289 1288 1286 1287 1250 1249 1248 1251 1256 1266 1257 1270 1263 1269 1264 1268 1265 1267 1280 1279 1278 1277 1275 
	}
	ai_will_propagate_through_trade=yes
}
blackwood_node={
	location=1379
	outgoing={
		name="argonia_node"
		path={
			3272 
		}
		control={
			2442.000000 961.000000 
		}
	}
	outgoing={
		name="lilmoth_node"
		path={
			3272 
		}
		control={
			2449.000000 935.000000 2499.000000 855.000000 2500.000000 805.000000 2481.000000 782.000000 2491.090088 758.419983 2521.000000 744.000000 
		}
	}
	outgoing={
		name="topal_bay_node"
		path={
			3272 
		}
		control={
			2313.000000 874.000000 
		}
	}
	members={
		1399 1398 1396 1389 1388 1387 1380 1377 1378 1379 1381 1382 1383 1385 1423 1386 867 866 865 864 863 862 861 860 859 857 855 854 853 852 851 850 849 847 846 845 843 
	}
	ai_will_propagate_through_trade=yes
}
topal_bay_node={
	location=3439
	outgoing={
		name="niben_bay_node"
		path={
			3272 
		}
		control={
			2299.000000 839.000000 2303.000000 872.000000 2303.000000 888.000000 2292.000000 917.000000 2295.000000 951.000000 2311.000000 983.000000 2288.000000 1002.000000 
		}
	}
	members={
		3425 838 4269 1472 1471 1470 1469 1468 1467 1466 1460 1459 1458 1457 1456 1455 1454 1453 1452 1281 1282 1283 1284 1285 1272 1271 1273 1274 1276 1425 1426 1427 1424 1429 1428 3427 1430 1431 1384 826 827 828 829 830 831 832 833 834 835 836 837 856 848 844 842 841 840 839 3439 
	}
	ai_will_propagate_through_trade=yes
}
niben_bay_node={
	location=807
	outgoing={
		name="white_gold_tower_node"
		path={
			3272 
		}
		control={
			2277.000000 1047.000000 2251.000000 1091.000000 2246.000000 1129.000000 
		}
	}
	members={
		893 1433 1434 1435 1800 1439 1440 1441 1442 1443 1444 1445 1446 1447 1448 1449 1451 1450 795 802 803 804 805 806 807 808 809 810 918 825 892 891 890 889 888 886 884 883 882 881 880 879 878 877 876 875 874 873 872 871 870 869 868 858 904 901 900 899 896 895 894 890 
	}
	ai_will_propagate_through_trade=yes
}
white_gold_tower_node={
	location=818
	members={
		928 811 812 813 800 801 799 798 797 796 788 787 702 701 686 919 920 916 917 915 914 913 912 911 930 929 910 909 908 907 906 902 903 905 814 815 816 817 818 819 820 821 822 823 824 
	}
	end=yes
	ai_will_propagate_through_trade=yes
}
orange_road_node={
	location=682
	outgoing={
		name="white_gold_tower_node"
		path={
			3272 
		}
		control={
			2165.000000 1137.000000 
		}
	}
	members={
		685 684 678 679 677 676 675 994 950 951 953 954 952 963 926 927 925 924 923 922 921 953 954 664 663 660 661 662 665 666 669 670 693 692 690 691 694 671 672 673 674 680 681 687 682 683 688 689 696 691 692 695 715 717 718 719 716 714 713 720 738 712 711 705 704 703 700 699 698 697 697 721 
	}
	ai_will_propagate_through_trade=yes
}
west_weald_node={
	location=728
	outgoing={
		name="white_gold_tower_node"
		path={
			3272 
		}
		control={
			2165.000000 1123.000000 
		}
	}
	members={
		730 746 747 737 739 740 741 742 743 744 745 756 755 754 753 750 759 758 757 761 762 760 964 764 765 766 767 778 768 736 735 734 733 732 731 731 729 749 728 727 726 725 724 723 722 710 709 708 707 706 786 789 790 794 793 791 792 4270 
	}
	ai_will_propagate_through_trade=yes
}
gold_coast_node={
	location=775
	outgoing={
		name="west_weald_node"
		path={
			3272 
		}
		control={
			2050.000000 1046.000000 1988.000000 1001.000000 
		}
	}
	members={
		561 562 563 748 751 752 763 769 770 771 772 773 774 775 776 777 779 780 781 782 783 784 785 965 
	}
	ai_will_propagate_through_trade=yes
}
malabal_node={
	location=1650
	outgoing={
		name="gold_coast_node"
		path={
			3272 
		}
		control={
			1939.000000 983.000000 
		}
	}
	outgoing={
		name="reapers_march_node"
		path={
			3272 
		}
		control={
			2004.000000 960.000000 
		}
	}
	members={
		1580 1651 1597 1598 1599 1600 1653 1654 1652 161 1649 1650 1647 1648 1646 1645 1644 1640 1641 1639 1636 1638 1624 1637 1623 1620 1619 1618 1617 
	}
	ai_will_propagate_through_trade=yes
}
greenshade_node={
	location=1584
	outgoing={
		name="auridon_node"
		path={
			3272 
		}
		control={
			1866.000000 869.000000 
		}
	}
	outgoing={
		name="malabal_node"
		path={
			3272 
		}
		control={
			1923.000000 914.000000 
		}
	}
	members={
		1667 1581 1582 1583 1584 1585 1587 1588 1589 1590 1591 1592 1593 1594 1595 1596 1579 1578 1577 3049 3050 3048 1576 1575 1574 1573 1572 1571 1664 
	}
	ai_will_propagate_through_trade=yes
}
grahtwood_node={
	location=3055
	outgoing={
		name="reapers_march_node"
		path={
			3272 
		}
		control={
			2040.000000 927.000000 
		}
	}
	outgoing={
		name="southpoint_node"
		path={
			3272 
		}
		control={
			2056.000000 828.000000 
		}
	}
	outgoing={
		name="palatin_node"
		path={
			3272 
		}
		control={
			2126.000000 837.000000 
		}
	}
	outgoing={
		name="greenshade_node"
		path={
			3272 
		}
		control={
			1971.000000 873.000000 
		}
	}
	members={
		1635 3052 1531 1533 1530 1529 1526 1527 1528 1546 1545 1547 1548 1549 1550 1551 1552 1553 1554 1555 1556 1557 1558 1559 1560 3051 3054 3055 3057 3056 3047 3053 1569 1568 1567 1566 1565 1601 1602 1603 1604 1605 1634 1633 1632 1631 1630 1629 1628 1627 1626 1625 1605 1604 1603 1643 1642 
	}
	ai_will_propagate_through_trade=yes
}
reapers_march_node={
	location=1608
	outgoing={
		name="niben_bay_node"
		path={
			3272 
		}
		control={
			2161.000000 1003.000000 2216.000000 1000.000000 
		}
	}
	outgoing={
		name="west_weald_node"
		path={
			3272 
		}
		control={
			2090.000000 1027.000000 
		}
	}
	members={
		1432 1436 1437 1438 1506 1507 1508 1509 1510 1511 1512 1513 1514 1561 1562 1563 1564 1606 1607 1609 1610 1611 1612 1613 1614 1615 1616 1621 1622 1608 
	}
	ai_will_propagate_through_trade=yes
}
southpoint_node={
	location=1539
	outgoing={
		name="greenshade_node"
		path={
			3272 
		}
		control={
			1939.000000 797.000000 
		}
	}
	outgoing={
		name="auridon_node"
		path={
			3272 
		}
		control={
			1935.000000 799.000000 1869.000000 830.000000 1851.000000 871.000000 
		}
	}
	outgoing={
		name="topal_bay_node"
		path={
			3272 
		}
		control={
			2080.000000 722.000000 2188.000000 688.000000 2297.000000 728.000000 
		}
	}
	members={
		1655 1656 1657 1586 1570 1665 1663 1662 1661 1544 1542 1534 1543 1541 1535 1540 1538 1539 1532 1536 1537 1523 1524 1520 1525 1519 1521 1522 
	}
	ai_will_propagate_through_trade=yes
}
auridon_node={
	location=978
		outgoing={
		name="alinor_node"
		path={
			3272 
		}
		control={
			2317.000000 1116.000000 
		}
	}
	outgoing={
		name="gold_coast_node"
		path={
			3272 
		}
		control={
			1860.000000 904.000000 1920.000000 964.000000 
		}
	}
	members={
		966 967 968 969 970 971 972 973 974 975 976 977 978 979 980 981 982 983 984 985 986 987 988 989 990 995 996 997 998 999  
	}
	ai_will_propagate_through_trade=yes
}
alinor_node={
	location=1017
	members={
		1029 1030 1031 1032 1039 1033 1038 1028 1027 1026 1025 1024 1022 1020 1021 1018 1017 1019 1015 1013 1023 1034 1035 1016 1036 1014 1012 1011 1008 1009 1040 1037 1010 1132 1133 1134 1130 1131 1129 1128 1127 1126 1007 1003 1004 1005 1002 1001 1006 1000
	}
	end=yes
	ai_will_propagate_through_trade=yes
	
}
pyrrha_bay_node={
	location=3247
		outgoing={
		name="alinor_node"
		path={
			3272 
		}
		control={
			2317.000000 1116.000000 
		}
	}
		outgoing={
		name="auridon_node"
		path={
			3272 
		}
		control={
			2317.000000 1116.000000 
		}
	}
	outgoing={
		name="southpoint_node"
		path={
			3272 
		}
		control={
			1927.000000 671.000000 2051.000000 702.000000 
		}
	}
	members={
		3247 1084 1041 1043 1042 1044 1048 1047 1050 1049 1045 1046 1052 1051 1053 1121 1120 1122 1117 1116 1115 1107 1106 1119 1113 1112 1118 1114 1109 1123 1124 1125 1108 1102 1103 1099 1101 1111 1110 1098 1097 1095 1096 1094 1092 1093 1100 1090 1091 1089 1088 1086 1105 1104 1083 1085 1078 1082 1075 1076 1069 1070 1074 1068 1067 1066 1058 1057 1065 1064 1072 1071 1073 1081 1077 1080 1079 1063 1060 1062 1061 1059 1054 1056 1055
	}
	ai_will_propagate_through_trade=yes
}

valus_pass_node={
	location=301
	outgoing={
		name="white_gold_tower_node"
		path={
			3272 
		}
		control={
			2317.000000 1116.000000 
		}
	}
	outgoing={
		name="niben_bay_node"
		path={
			3272 
		}
		control={
			2344.000000 1096.000000 2292.000000 1068.000000 
		}
	}
	members={
		942 959 296 297 301 302 308 309 303 300 299 298 306 307 311 310 885 887 897 937 898 935 936 937 938 939 934 933 932 931 941 943 944 946 945 947 949 955 956 957 958 960 961 948 962 940 963 3259 
	}
	ai_will_propagate_through_trade=yes
}
padomaic_ocean_node={
	location=3680
	outgoing={
		name="lilmoth_node"
		path={
			3272 
		}
		control={
			3137.000000 1037.000000 2685.000000 852.000000 2608.000000 775.000000 2584.000000 779.000000 2533.000000 763.000000 
		}
	}
	outgoing={
		name="deshaan_node"
		path={
			3272 
		}
		control={
			2674.000000 1104.000000 
		}
	}
	outgoing={
		name="telvanni_node"
		path={
			3272 
		}
		control={
			2763.000000 1388.000000 
		}
	}
	members={
		1773 1774 1775 1776 1777 1778 1779 1780 1781 1782 1783 1784 1785 1786 1787 1788 1789 1790 1791 1792 1793 1794 1795 1796 1797 1798 1799 1801 1802 1803 1804 1805 1806 1807 1808 1809 1810 1811 1812 1813 1814 1815 1816 1817 1818 1819 1820 1821 1822 1823 1824 1825 1826 1827 1841 3263 3680 
	}
	ai_will_propagate_through_trade=yes
}
akavir_1_node={
	location=1958
	members={
		1828 1829 1830 1831 1832 1833 1834 1835 1836 1837 1838 1842 1843 1844 1845 1846 1847 1848 1849 1850 1851 1852 1853 1854 1864 1865 1866 1867 1868 1884 1885 1886 1908 1909 1910 1911 1912 1913 1914 1955 1956 1957 1958 1959 1960 1961 1962 2021 2022 2023 2024 2025 2026 2028 2032 2033 2039 2040 2041 2042 2043 2044 2045 2706 2735 2736 2791 2792 2793 2794 2799 2808 2809 2810 2811 2812 2814 
	}
	ai_will_propagate_through_trade=yes
}
akavir_2_node={
	location=1903
	members={
		1887 1888 1889 1890 1897 1898 1899 1900 1901 1902 1903 1904 1905 1906 1907 1915 1916 1917 1918 1919 1920 1921 1922 1923 1939 1940 1941 1942 1943 1944 1945 1946 1947 1948 1949 1950 1951 1952 1953 1954 1963 1964 1965 1966 1967 1968 1969 1970 1971 1972 1973 1975 2012 2013 2014 2015 2016 2017 2018 2019 2020 2027 2029 2030 2031 
	}
	ai_will_propagate_through_trade=yes
}
akavir_3_node={
	location=1875
	members={
		1839 1840 1855 1856 1857 1858 1859 1860 1861 1862 1863 1869 1870 1871 1872 1873 1874 1875 1876 1877 1878 1879 1880 1881 1882 1883 1891 1892 1893 1894 1895 1896 1924 1925 1926 1927 1928 1929 1933 1934 1936 1938 2214 2215 2216 2220 2221 2294 2295 2296 2297 2298 2299 2300 2301 
	}
	ai_will_propagate_through_trade=yes
}
akavir_4_node={
	location=2169
	members={
		2137 2138 2139 2140 2141 2142 2143 2160 2161 2162 2163 2164 2165 2166 2167 2168 2169 2170 2171 2172 2173 2174 2175 2176 2177 2178 2179 2180 2181 2182 2183 2184 2185 2186 2187 2188 2191 2192 2193 2194 2195 2196 2197 2198 2199 2200 2201 2202 2203 2204 2205 2206 2207 2208 2209 2210 2211 2212 2213 2217 2218 2219 2302 2303 2316 2317 
	}
	ai_will_propagate_through_trade=yes
}
akavir_5_node={
	location=2152
	members={
		2069 2098 2099 2100 2101 2102 2103 2104 2105 2106 2107 2108 2109 2110 2111 2112 2113 2114 2115 2116 2117 2118 2119 2120 2121 2122 2123 2124 2125 2126 2127 2128 2129 2130 2131 2132 2133 2134 2135 2144 2145 2146 2147 2148 2149 2150 2151 2152 2153 2154 2155 2156 2157 2158 2159 
	}
	ai_will_propagate_through_trade=yes
}
akavir_6_node={
	location=2074
	members={
		2050 2051 2052 2053 2054 2055 2056 2057 2058 2059 2060 2061 2062 2063 2064 2065 2066 2067 2068 2070 2071 2072 2073 2074 2075 2076 2077 2078 2079 2080 2081 2082 2083 2084 2085 2086 2087 2088 2089 2090 2091 2092 2093 2094 2095 2096 2097 2136 
	}
	ai_will_propagate_through_trade=yes
}
akavir_7_node={
	location=2254
	members={
		1930 1931 1932 1935 1937 1974 1976 1977 1978 1979 1980 1981 1982 1983 1984 1985 1986 1987 1988 1989 1990 1991 1992 1993 1994 1995 2189 2190 2250 2251 2252 2253 2254 2255 2256 2257 2258 2264 2265 2266 2267 2268 2269 2270 2271 2272 2273 2274 2275 2276 2277 2278 2279 2280 2281 2282 2283 2284 2285 2286 2287 2288 2289 2290 2291 2292 2293 2304 2305 2306 2307 2308 2309 2310 2311 2312 2313 2314 2315 2318 2319 2320 2321 
	}
	ai_will_propagate_through_trade=yes
}
akavir_8_node={
	location=2348
	members={
		2322 2323 2324 2325 2326 2327 2328 2329 2330 2331 2332 2333 2334 2335 2336 2337 2338 2339 2340 2341 2342 2343 2344 2345 2346 2347 2348 2349 2350 2351 2357 2358 2359 2360 2361 2362 2372 2373 2374 2375 2376 2377 2381 2383 2384 2385 2386 2387 
	}
	ai_will_propagate_through_trade=yes
}
akavir_9_node={
	location=2398
	members={
		1728 1729 1730 2352 2353 2354 2355 2356 2363 2364 2365 2366 2367 2368 2369 2370 2371 2388 2389 2390 2391 2392 2393 2394 2395 2396 2397 2398 2399 2400 2401 2402 2403 2404 2405 2406 2407 2408 2409 2410 2411 2412 2413 2414 2415 2416 2417 2418 2419 2420 2421 2422 2423 2424 2425 2426 2427 2465 2466 2467 2468 2469 2470 2471 2472 2473 2474 2475 2476 
	}
	ai_will_propagate_through_trade=yes
}
akavir_10_node={
	location=2455
	members={
		1725 1726 1727 2378 2379 2380 2382 2428 2429 2430 2431 2432 2433 2434 2435 2436 2437 2438 2439 2440 2441 2442 2443 2444 2445 2446 2447 2448 2449 2450 2451 2452 2453 2454 2455 2456 2457 2458 2459 2460 2461 2462 2463 2464 2479 2482 2483 2484 2485 2487 
	}
	ai_will_propagate_through_trade=yes
}
akavir_11_node={
	location=2504
	members={
		995 2477 2478 2480 2481 2486 2488 2489 2490 2491 2492 2493 2494 2495 2496 2497 2498 2499 2500 2501 2502 2503 2504 2505 2506 2507 2508 2509 2510 2511 2512 2513 2514 2515 2516 2517 2518 2519 2520 2521 2522 2523 2524 2525 2526 2527 2528 2529 2530 2531 2532 2533 2534 2535 2536 2537 2538 2539 2540 2541 2542 
	}
	ai_will_propagate_through_trade=yes
}
akavir_12_node={
	location=2561
	members={
		2543 2544 2545 2546 2547 2548 2549 2550 2551 2552 2553 2554 2555 2556 2557 2558 2559 2560 2561 2562 2563 2564 2565 2566 2567 2568 2569 2570 2571 2572 2573 2574 2575 2576 2577 2578 2579 2580 2581 2582 2583 2584 2585 2586 2587 2588 2589 2590 2591 2592 2593 2594 2595 2596 2597 2598 2599 2600 2601 2602 2603 2604 2605 2606 2607 2608 2609 2610 2611 2612 2613 
	}
	ai_will_propagate_through_trade=yes
}
akavir_13_node={
	location=2905
	members={
		2838 2839 2840 2846 2847 2848 2849 2850 2851 2852 2853 2854 2872 2873 2874 2875 2876 2877 2878 2879 2880 2881 2882 2883 2884 2885 2886 2887 2894 2901 2902 2903 2904 2905 2906 2907 2908 2909 2953 2954 2955 2956 2957 2958 2959 2960 2961 2962 2963 2964 2965 2966 2967 2971 2972 2973 2974 2975 2976 2977 2978 2979 2980 2981 2982 2983 2984 2985 2986 2987 
	}
	ai_will_propagate_through_trade=yes
}
akavir_14_node={
	location=2934
	members={
		2759 2760 2855 2856 2857 2858 2859 2860 2861 2862 2863 2864 2865 2866 2867 2868 2869 2870 2871 2910 2911 2912 2913 2914 2915 2918 2919 2921 2922 2923 2924 2925 2926 2927 2928 2929 2930 2931 2932 2933 2934 2935 2936 2937 2938 2939 2940 2941 2942 2943 2944 2945 2946 2947 2948 2949 2950 2951 2952 2988 2989 2990 2991 2992 2993 2994 2995 2996 2997 2998 2999 3000 
	}
	ai_will_propagate_through_trade=yes
}
akavir_15_node={
	location=2635
	members={
		2614 2615 2616 2617 2618 2619 2620 2621 2622 2623 2624 2625 2626 2627 2628 2629 2630 2631 2632 2633 2634 2635 2636 2637 2638 2639 2640 2641 2642 2643 2644 2679 2680 2681 2682 2683 2684 2761 2916 2917 2920 
	}
	ai_will_propagate_through_trade=yes
}
akavir_16_node={
	location=2724
	members={
		2645 2646 2647 2648 2649 2650 2651 2652 2653 2654 2655 2656 2657 2658 2659 2660 2661 2662 2663 2664 2665 2666 2667 2668 2669 2670 2671 2672 2673 2674 2675 2676 2677 2678 2690 2691 2692 2693 2694 2695 2696 2714 2715 2716 2717 2718 2719 2720 2721 2722 2723 2724 2725 2726 2727 2728 2729 2730 2731 2733 2734 
	}
	ai_will_propagate_through_trade=yes
}
akavir_17_node={
	location=2836
	members={
		2745 2746 2751 2752 2753 2754 2755 2756 2757 2758 2762 2763 2764 2765 2770 2771 2772 2773 2774 2775 2776 2777 2778 2779 2780 2781 2782 2783 2785 2786 2787 2788 2789 2790 2795 2796 2797 2798 2800 2801 2802 2803 2804 2805 2806 2807 2824 2825 2828 2829 2830 2831 2832 2833 2834 2835 2836 2837 
	}
	ai_will_propagate_through_trade=yes
}
akavir_18_node={
	location=2700
	members={
		2685 2686 2687 2688 2689 2697 2698 2699 2700 2701 2702 2703 2704 2705 2707 2708 2709 2710 2711 2712 2713 2732 2766 2767 2768 2769 2813 2815 2816 2817 2818 2819 2820 2821 2822 2823 2826 2827 
	}
	ai_will_propagate_through_trade=yes
}
akavir_19_node={
	location=2231
	members={
		1996 1997 1998 2227 2228 2229 2230 2231 2232 2233 2234 2235 2236 2237 2238 2239 2240 2241 2242 2243 2244 2245 2246 2247 2248 2249 2259 2260 2261 2262 2263 2888 2889 2890 2891 2892 2893 2895 2896 2897 2898 2899 2900 2968 2969 2970 
	}
	ai_will_propagate_through_trade=yes
}
akavir_20_node={
	location=2007
	members={
		1999 2000 2001 2002 2003 2004 2005 2006 2007 2008 2009 2010 2011 2034 2035 2036 2037 2038 2046 2047 2048 2737 2738 2739 2740 2741 2742 2743 2744 2747 2748 2749 2750 2784 2841 2842 2843 2844 2845 
	}
	ai_will_propagate_through_trade=yes
}
